JD,Flx(V),E_flx,Q/I,E_Q/I,U/I,E_U/I,V-J,E_V-J
4612.99,1.13E-10,1.52E-13,-0.0448,0.0031,0.0421,0.0032,1.936,0.003
4617.99,1.32E-10,2.65E-13,0.0024,0.0042,0.0562,0.0139,1.893,0.005
4623.02,1.54E-10,2.96E-13,-0.0078,0.0029,0.0807,0.0056,1.783,0.003
4624,1.54E-10,2.27E-13,-0.0375,0.0038,0.0361,0.0022,1.84,0.006
4685.32,7.07E-11,3.73E-13,-0.0503,0.0038,0.0946,0.0132,1.87,0.009
4690.31,6.63E-11,1.18E-13,-0.0228,0.0013,0.0444,0.005,1.847,0.003
4691.28,7.42E-11,3.20E-13,-0.0659,0.0032,0.1153,0.0019,1.925,0.007
4703.32,9.01E-11,3.79E-13,-0.1336,0.0036,-0.013,0.0029,1.937,0.007
4709.96,7.84E-11,3.32E-13,-0.0501,0.0077,0.0197,0.0064,1.792,0.006
4711.31,7.99E-11,2.03E-13,0.0072,0.0015,0.018,0.0038,1.808,0.004
4713.28,6.94E-11,1.77E-13,0.0233,0.0021,-0.0063,0.0024,1.854,0.004
4714.32,7.37E-11,1.23E-13,-0.0298,0.0035,0.0128,0.0018,1.877,0.004
4715.33,8.13E-11,1.04E-13,-0.0342,0.0023,-0.0081,0.0054,1.89,0.003
4717.29,7.90E-11,6.73E-14,-0.002,0.0009,0.0099,0.0012,1.853,0.005
4718.32,7.83E-11,1.44E-13,0.0056,0.0013,0.0346,0.0017,1.883,0.003
4720.27,9.19E-11,2.32E-13,0.0663,0.0026,0.0656,0.0016,1.842,0.005
4729.29,8.52E-11,1.79E-13,0.0281,0.0022,0.0973,0.0016,1.933,0.003
4747.27,8.32E-11,1.53E-13,-0.003,0.0016,0.1038,0.0033,1.894,0.003
4748.25,1.04E-10,3.08E-13,0.0405,0.0058,0.0659,0.0025,1.857,0.011
4749.17,1.12E-10,4.57E-13,0.0151,0.0012,0.0325,0.0266,1.84,0.008
4751.1,1.46E-10,2.95E-13,-0.0325,0.0012,0.0084,0.0116,1.792,0.005
4752.26,1.51E-10,2.03E-13,0.0336,0.0008,-0.0166,0.0025,1.74,0.002
4754.31,1.48E-10,3.69E-13,-0.0447,0.0015,0.0523,0.0025,1.816,0.004
4755.36,1.43E-10,2.23E-13,-0.0192,0.0012,0.0363,0.0035,1.791,0.002
4756.25,1.24E-10,2.63E-13,-0.1099,0.0024,0.0604,0.0028,1.872,0.004
4757.22,1.09E-10,2.81E-13,-0.056,0.0007,0.0431,0.002,1.883,0.004
4758.2,9.77E-11,1.47E-13,-0.0252,0.0017,0.0766,0.0013,1.885,0.002
4760.25,8.51E-11,7.37E-14,-0.0255,0.003,0.0923,0.0018,1.875,0.003
4767.36,7.49E-11,6.12E-13,0.0698,0.0418,0.0858,0.0038,1.939,0.019
4769.35,5.46E-11,5.11E-14,-0.0791,0.0052,0.1071,0.0015,1.99,0.003
4770.19,5.85E-11,1.37E-13,-0.0596,0.0051,0.1096,0.0033,1.952,0.004
4771.25,7.19E-11,1.09E-13,-0.0358,0.0078,0.1316,0.001,1.951,0.005
4775.36,9.26E-11,1.85E-13,0.0313,0.004,0.1211,0.0022,1.881,0.003
4781.34,7.15E-11,2.07E-13,-0.0056,0.0138,0.0482,0.0086,1.867,0.005
4782.25,6.22E-11,1.99E-13,-0.0115,0.0023,0.0445,0.0064,1.813,0.004
4783.29,5.47E-11,7.99E-14,-0.0201,0.0009,0.0049,0.0005,1.94,0.003
4784.31,6.80E-11,1.54E-13,-0.0505,0.0062,-0.0554,0.0015,1.83,0.007
4785.26,6.48E-11,2.70E-13,-0.0841,0.0024,0.0263,0.005,1.833,0.014
4796.18,6.06E-11,8.45E-14,-0.017,0.0033,0.0013,0.0042,1.903,0.002
4802.35,1.47E-10,3.85E-13,-0.0302,0.0021,0.0012,0.0042,1.646,0.004
4803.28,1.63E-10,2.57E-13,-0.004,0.0017,0.0353,0.002,1.684,0.003
4804.26,1.81E-10,2.82E-13,-0.119,0.0028,-0.0089,0.0047,1.774,0.002
4807.01,1.48E-10,6.83E-13,-0.0518,0.0039,-0.0435,0.0005,1.808,0.007
4808.25,1.47E-10,2.09E-13,-0.069,0.0021,0.0199,0.0007,1.855,0.004
4810.08,1.20E-10,1.57E-13,-0.0132,0.003,0.0252,0.0006,1.886,0.002
4811.31,9.97E-11,2.00E-13,-0.0136,0.0032,0.0379,0.0023,1.951,0.003
4812.2,1.03E-10,2.31E-13,0.01,0.0007,0.0767,0.0039,1.905,0.003
4813.22,9.51E-11,6.89E-13,-0.0248,0.0166,-0.0456,0.0075,1.959,0.016
4816.36,9.11E-11,1.60E-13,0.0086,0.0024,0.0713,0.0032,1.965,0.004
4817.21,1.00E-10,2.83E-13,-0.0078,0.001,0.0617,0.0039,1.931,0.004
4818.13,1.01E-10,1.44E-13,0.013,0.0057,-0.026,0.0033,1.954,0.004
4819.02,9.11E-11,2.49E-13,0.0733,0.0063,-0.0174,0.0014,1.975,0.003
4823.16,6.68E-11,1.65E-13,0.0214,0.0052,0.0054,0.001,2.01,0.004
4824.14,6.20E-11,1.81E-13,0.0041,0.0038,0.0074,0.0067,1.98,0.004
4828.18,4.70E-11,5.11E-14,-0.0509,0.0029,0.0941,0.0059,2.045,0.003
4830.17,6.14E-11,1.08E-13,-0.0108,0.0008,0.0248,0.0032,1.991,0.004
4834.14,6.25E-11,7.25E-14,0.0432,0.0018,0.1204,0.003,2.012,0.002
4835.12,5.01E-11,1.39E-13,0.0029,0.002,0.0485,0.0047,1.973,0.004
4838,4.49E-11,6.48E-14,0.0001,0.0027,0.0216,0.007,1.955,0.003
4839.16,3.72E-11,5.59E-14,-0.0162,0.0031,0.0471,0.0032,2.021,0.003
4874.13,5.22E-11,1.39E-13,0.0342,0.0065,-0.0583,0.0119,2.003,0.004
4875.12,5.57E-11,8.47E-13,-0.1024,0.0246,-0.0167,0.0038,1.951,0.021
4879.11,6.37E-11,1.36E-13,-0.0306,0.0001,-0.0378,0.0162,1.908,0.005
4881.1,5.39E-11,7.51E-14,0.0033,0.0056,0.0408,0.0017,1.997,0.002
4884.09,4.00E-11,2.17E-13,0.013,0.0247,-0.0382,0.0089,2.02,0.008
4888.1,4.41E-11,1.71E-13,0.0112,0.0007,-0.0107,0.0046,2.006,0.004
4897.03,4.02E-11,1.39E-13,0.1164,0.0047,-0.0429,0.0096,2.064,0.004
4899.1,4.12E-11,2.39E-13,0.0477,0.0141,-0.0062,0.014,1.964,0.011
4900.14,4.96E-11,9.76E-14,-0.0621,0.0019,0.0654,0.002,1.966,0.003
4901.07,5.05E-11,2.06E-13,-0.0425,0.0051,0.025,0.007,2.006,0.006
4901.97,4.08E-11,1.03E-13,-0.0366,0.0047,-0.0017,0.0061,2.062,0.003
4905.03,4.65E-11,2.12E-13,-0.0577,0.0062,0.0192,0.0015,2.06,0.006
4906.97,7.00E-11,2.32E-13,-0.0225,0.0051,0.0541,0.0061,2.053,0.013
4907.99,6.58E-11,5.56E-14,-0.0559,0.0028,0.0449,0.004,2.031,0.002
4909,8.69E-11,1.23E-13,0.0096,0.0047,-0.0217,0.0021,1.911,0.003
4911.02,7.21E-11,1.07E-13,-0.1059,0.0043,-0.0237,0.0028,1.968,0.003
4921.01,4.08E-11,1.24E-13,-0.0193,0.0093,-0.0069,0.0013,1.998,0.004
4921.98,3.88E-11,6.14E-14,0.0124,0.0019,0.0112,0.0067,2.051,0.003
4923.95,3.22E-11,6.53E-14,-0.1101,0.0067,0.0234,0.0016,2.071,0.004
4927.95,2.59E-11,6.38E-14,-0.0477,0.0059,-0.0116,0.0112,2.152,0.007
4929,2.68E-11,5.18E-14,-0.0591,0.0042,-0.0604,0.0107,2.121,0.003
4931.96,3.63E-11,8.68E-14,-0.0928,0.0031,-0.0336,0.0033,2.08,0.005
4933.96,3.57E-11,8.29E-14,-0.1121,0.0009,0.0106,0.0069,2.03,0.006
4937.05,4.99E-11,1.28E-13,-0.032,0.0082,-0.0117,0.0061,1.939,0.003
4938.95,4.70E-11,1.42E-13,-0.0938,0.0056,-0.0594,0.0076,1.976,0.006
4939.94,4.67E-11,6.43E-14,-0.0402,0.0026,-0.0602,0.0025,2.032,0.006
4940.95,4.87E-11,1.28E-13,-0.0871,0.0032,-0.0245,0.0115,1.981,0.006
4942.95,6.16E-11,2.39E-13,-0.0591,0.0029,-0.051,0.0042,1.93,0.007
4943.95,5.92E-11,1.20E-13,-0.0078,0.007,0.0162,0.0067,1.926,0.004
4944.95,6.69E-11,2.02E-13,-0.03,0.0016,-0.0419,0.0071,1.866,0.007
4947.99,6.56E-11,1.87E-13,-0.0397,0.0106,-0.0525,0.0086,1.916,0.006
4948.95,7.64E-11,2.56E-13,-0.0246,0.0086,-0.0432,0.0045,1.89,0.005
4949.97,7.15E-11,9.63E-14,-0.0638,0.0021,-0.0089,0.0026,1.985,0.028
4951.04,7.66E-11,1.93E-13,-0.0896,0.0021,0.0049,0.0018,1.862,0.004
4952.95,6.86E-11,1.78E-13,-0.1086,0.0014,-0.0096,0.0052,1.979,0.004
4957.99,5.27E-11,3.09E-13,0.0381,0.0056,-0.0136,0.0052,1.884,0.007
4959.96,5.37E-11,2.24E-13,-0.023,0.008,-0.0445,0.0066,1.9,0.006
4960.98,5.89E-11,2.15E-13,0.0079,0.0128,0.0936,0.0014,1.902,0.013
4961.97,5.08E-11,1.04E-13,-0.0429,0.006,0.052,0.0036,1.986,0.005
4962.96,5.30E-11,1.26E-13,0.0031,0.0076,0.034,0.005,1.955,0.005
4964.97,4.25E-11,7.05E-14,0.0638,0.0008,-0.0253,0.0046,2,0.005
4965.96,5.03E-11,1.25E-13,0.0725,0.007,-0.0103,0.0084,1.884,0.005
4969.96,2.91E-11,9.72E-14,0.0624,0.0084,-0.0665,0.0144,1.963,0.006
4970.96,3.71E-11,1.36E-13,0.0878,0.0105,-0.0378,0.011,1.948,0.01
4976.05,5.05E-11,1.81E-13,0.0158,0.002,-0.0202,0.0031,1.867,0.007
4976.97,5.32E-11,4.69E-13,-0.0211,0.0077,0.018,0.0368,1.901,0.011
4982.96,8.18E-11,2.55E-13,0.0238,0.0054,-0.0098,0.0099,1.81,0.005
4983.97,7.39E-11,2.07E-13,0.0273,0.0027,-0.0397,0.0034,1.839,0.006
4999.97,8.68E-11,5.59E-13,-0.0552,0.0026,0.0102,0.006,1.791,0.009
5000.99,1.13E-10,4.61E-13,-0.0982,0.0062,0.0142,0.007,1.805,0.007
5008.98,7.67E-11,1.50E-13,-0.0218,0.0087,-0.0572,0.0071,1.866,0.005
5028.99,6.92E-11,2.56E-13,-0.019,0.0027,-0.0303,0.0042,1.87,0.005
5061.25,1.15E-10,3.34E-13,-0.096,0.0043,-0.0308,0.0016,1.807,0.005
5062.31,1.09E-10,4.12E-13,-0.0778,0.0031,-0.0104,0.005,1.829,0.006
5063.24,1.16E-10,3.07E-13,-0.0355,0.0053,0.0109,0.0017,1.784,0.005
5066.29,1.31E-10,2.83E-13,-0.0808,0.0014,0.0176,0.0032,1.799,0.003
5067.29,1.01E-10,4.01E-13,-0.0793,0.0017,0.0184,0.0066,1.832,0.006
5068.29,9.41E-11,1.40E-13,0.0008,0.0015,-0.0323,0.0032,1.871,0.002
5069.26,8.57E-11,1.94E-13,-0.0027,0.0008,0.0304,0.0013,1.889,0.003
5070.3,8.69E-11,9.08E-14,-0.0543,0.0034,-0.0789,0.0019,1.93,0.003
5085.21,6.06E-11,9.61E-14,0.0028,0.003,-0.0893,0.0032,1.97,0.006
5095.2,1.07E-10,2.41E-13,0.0743,0.0022,0.0391,0.0059,1.724,0.003
5101.33,7.05E-11,2.56E-13,-0.0326,0.0083,0.0496,0.0051,1.901,0.006
5108.25,1.17E-10,3.19E-13,0.0043,0.0025,0.008,0.001,1.837,0.004
5113.18,1.26E-10,3.01E-13,-0.0335,0.0008,0.077,0.002,1.802,0.004
5113.92,1.32E-10,4.08E-13,-0.0232,0.0017,0.0364,0.0109,1.851,0.005
5115.31,1.49E-10,2.00E-13,0.0022,0.0021,0.0545,0.0022,1.794,0.002
5116.22,1.24E-10,1.70E-13,0.0043,0.0012,-0.0031,0.0025,1.854,0.003
5118.35,1.18E-10,2.06E-13,-0.0768,0.0008,-0.0169,0.002,1.853,0.002
5119.17,7.69E-11,2.06E-13,-0.018,0.0026,0.0734,0.0001,1.935,0.004
5122.36,1.06E-10,3.13E-13,-0.0213,0.0082,0.0047,0.0065,1.878,0.007
5123.36,9.64E-11,4.74E-13,0.0845,0.0047,-0.0024,0.0066,1.892,0.009
5125.22,9.34E-11,1.80E-13,-0.0238,0.002,-0.0091,0.0027,1.912,0.002
5126.3,8.65E-11,1.04E-13,-0.0848,0.002,-0.0149,0.0045,1.946,0.002
5127.27,1.06E-10,1.69E-13,-0.1207,0.0009,-0.0822,0.0016,1.824,0.002
5129.25,8.45E-11,1.65E-13,-0.0931,0.0031,-0.0652,0.0028,1.96,0.003
5131.31,7.98E-11,1.90E-13,-0.1092,0.002,0.0064,0.002,1.978,0.004
5132.27,7.06E-11,1.47E-13,-0.079,0.0057,0.068,0.0032,2.01,0.003
5133.35,7.89E-11,2.24E-13,-0.1094,0.005,-0.0067,0.0031,1.969,0.005
5134.13,7.94E-11,2.34E-13,-0.0936,0.003,0.0149,0.0009,2.044,0.004
5138.3,8.04E-11,5.19E-13,-0.0674,0.0062,0.0532,0.0086,1.965,0.016
5139.32,6.59E-11,1.07E-13,-0.0804,0.0066,0.0323,0.0028,2.051,0.003
5140.27,7.64E-11,3.51E-13,-0.1424,0.0096,-0.0362,0.0053,2.032,0.021
5141.3,7.71E-11,1.05E-13,-0.1125,0.0022,-0.0214,0.0023,2.034,0.002
5155.23,5.35E-11,1.09E-13,-0.1744,0.0018,0.0361,0.0064,2.136,0.099
5166.32,6.21E-11,8.48E-14,-0.0019,0.0024,0.0829,0.0021,2,0.018
5167.13,5.18E-11,4.00E-14,-0.0346,0.0018,0.0437,0.0024,2.062,0.005
5168.1,5.59E-11,2.91E-13,-0.0573,0.002,0.0851,0.0012,2.093,0.02
5169.24,5.20E-11,5.28E-14,-0.063,0.0031,0.0392,0.0044,2.116,0.014
5170.2,5.45E-11,1.98E-13,-0.0806,0.0016,0.0426,0.0024,2.194,0.004
5171.26,6.31E-11,2.12E-13,-0.0752,0.008,0.0111,0.0038,1.99,0.004
5172.14,7.00E-11,1.31E-13,-0.0098,0.0009,0.0648,0.0047,2.075,0.004
5173.33,7.52E-11,4.77E-14,-0.0077,0.001,0.04,0.0021,2.023,0.002
5174.18,6.21E-11,1.27E-13,0.0169,0.0069,0.0004,0.0048,2.065,0.003
5177.23,9.63E-11,2.41E-13,-0.0586,0.0079,-0.0944,0.0056,2.076,0.004
5178.02,1.03E-10,3.14E-13,-0.1731,0.003,-0.1042,0.0046,2.013,0.004
5179.12,8.94E-11,2.40E-13,-0.1704,0.0033,0.0003,0.0021,2.037,0.004
5180.06,8.93E-11,1.87E-13,-0.1047,0.0064,-0.0359,0.0085,1.908,0.003
5182.19,1.17E-10,4.04E-13,-0.0841,0.007,-0.0804,0.0234,1.9,0.05
5186.1,1.31E-10,1.39E-13,-0.1621,0.0009,-0.0033,0.0065,1.996,0.003
5188.04,5.75E-11,6.60E-14,-0.0533,0.0022,0.0929,0.0022,2.004,0.003
5189.17,5.29E-11,8.19E-14,-0.1025,0.002,-0.0234,0.0058,2.17,0.064
5190.1,6.83E-11,2.91E-13,-0.139,0.0135,-0.0289,0.0007,1.989,0.008
5191.37,8.06E-11,2.37E-13,-0.1087,0.0028,0.0063,0.0018,2.031,0.01
5192.19,6.06E-11,1.69E-13,-0.0956,0.0019,-0.0387,0.004,2.01,0.005
5194.24,6.55E-11,9.73E-14,-0.1436,0.0031,0.0425,0.0034,1.912,0.003
5195.19,6.61E-11,5.54E-13,-0.101,0.0183,0.1084,0.0217,1.958,0.017
5200.08,6.28E-11,9.88E-14,-0.0061,0.0033,0.0333,0.0044,1.877,0.002
5201.23,5.30E-11,1.56E-13,-0.0194,0.0091,0.1083,0.0012,1.902,0.005
5202.15,3.91E-11,7.73E-14,0.0088,0.0083,-0.024,0.0019,1.917,0.003
5204.28,3.36E-11,1.43E-13,-0.0419,0.003,-0.1009,0.0145,1.958,0.007
5214.17,5.50E-11,5.09E-14,-0.0732,0.001,0.0354,0.0021,2.012,0.004
5215.18,4.19E-11,5.64E-14,-0.0532,0.0017,0.0283,0.0051,2.06,0.003
5216.11,4.97E-11,7.29E-14,-0.0086,0.0064,-0.0483,0.0004,2.043,0.002
5218.17,5.13E-11,1.15E-13,0.0014,0.0004,0.0366,0.0036,1.987,0.004
5220.15,4.79E-11,6.79E-14,-0.0042,0.0043,-0.0022,0.0005,2.068,0.003
5221.12,5.44E-11,9.94E-14,-0.0602,0.0034,-0.0241,0.0031,2.061,0.004
5222.11,9.05E-11,1.29E-13,-0.0393,0.0012,-0.034,0.0046,1.951,0.002
5223.17,9.35E-11,1.95E-13,-0.0096,0.0017,-0.0869,0.0032,1.968,0.003
5225.1,9.61E-11,9.43E-14,-0.1481,0.0046,-0.0401,0.0063,1.942,0.002
5226.17,7.65E-11,2.16E-13,-0.0892,0.0068,0.012,0.0024,1.963,0.005
5228.02,9.35E-11,1.34E-13,-0.0569,0.0021,0.1014,0.0036,1.925,0.004
